10,0.0,0.0,82.83918166160583
10,0.0,0.0,2.0163180828094482
10,0.0,0.0,0.28203272819519043
10,0.0,0.0,1.5428688526153564
10,0.0,0.0,0.4704477787017822
10,0.0,0.0,6625.748266458511
10,0.0,0.0,5576.807267904282
10,0.0,0.0,156.5486397743225
10,0.0,0.0,203.4195272922516
10,0.0,0.0,6068.799730062485
10,0.0,10.0,5364.286338090897
10,0.0,10.0,6958.299903154373
10,0.0,10.0,5980.491670370102
10,0.0,10.0,7390.042065858841
10,0.0,10.0,8750.461941957474
10,0.0,50.0,6972.213466882706
10,0.0,50.0,7055.278075695038
10,0.0,50.0,6846.6469049453735
10,0.0,50.0,8414.670429468155
10,0.0,50.0,8539.684368371964
10,0.0,70.0,8953.378860473633
10,0.0,70.0,8480.48675441742
10,1.0,456,-368.1375611097347,320.70746874809265
10,1.0,7,-331.8589807562798,6.9989354610443115
10,1.0,999,-59.24563850383595,584.899952173233
10,1.0,37,36.66352681616419,198.4761986732483
10,10.0,999,-105.12689496249504,506.5308470726013
10,10.0,999,-268.77396101410284,610.8911814689636
10,50.0,505,47.14955369171267,397.69789385795593
10,50.0,999,-146.77070727670696,503.28849720954895
50,1.0,122,6.520972569320808,380.7874186038971
50,1.0,176,10.404325496656726,568.8330543041229
50,10.0,999,-112.76386642731751,2231.164388656616
50,10.0,999,-405.33609879344766,2007.5090482234955
50,50.0,999,-139.8007046783652,1603.1538276672363
50,50.0,999,-410.6795009110686,1535.695012331009
100,1.0,17,23.821822400629234,83.28034448623657
100,1.0,231,115.35099763750121,3362.2077424526215
100,10.0,132,6.058910701098162,573.4126930236816
100,10.0,232,18.50586294831494,894.3488566875458
100,50.0,999,-60.47344944909766,2423.3409361839294
100,50.0,53,14.731631629250153,189.9336497783661
150,1.0,41,36.27963789191001,287.1648769378662
150,1.0,81,16.075792392299707,621.1686980724335
150,10.0,544,,78.03398780416705,2789.772731781006
150,10.0,11,,100.61780337520062,111.02029252052307
150,50.0,999,,-44.73906438053221,3573.389344215393
